(kicad_pcb (version 20171130) (host pcbnew "(5.1.2)-1")

  (general
    (thickness 1.6)
    (drawings 23)
    (tracks 304)
    (zones 0)
    (modules 43)
    (nets 65)
  )

  (page A4)
  (layers
    (0 F.Cu signal)
    (31 B.Cu signal)
    (32 B.Adhes user)
    (33 F.Adhes user)
    (34 B.Paste user)
    (35 F.Paste user)
    (36 B.SilkS user)
    (37 F.SilkS user)
    (38 B.Mask user)
    (39 F.Mask user)
    (40 Dwgs.User user)
    (41 Cmts.User user)
    (42 Eco1.User user)
    (43 Eco2.User user)
    (44 Edge.Cuts user)
    (45 Margin user)
    (46 B.CrtYd user)
    (47 F.CrtYd user)
    (48 B.Fab user)
    (49 F.Fab user)
  )

  (setup
    (last_trace_width 0.25)
    (user_trace_width 0.15)
    (user_trace_width 0.2)
    (user_trace_width 0.3)
    (user_trace_width 0.4)
    (user_trace_width 0.5)
    (user_trace_width 0.8)
    (user_trace_width 1)
    (user_trace_width 1.2)
    (trace_clearance 0.2)
    (zone_clearance 0.4)
    (zone_45_only no)
    (trace_min 0.15)
    (via_size 0.65)
    (via_drill 0.35)
    (via_min_size 0.4)
    (via_min_drill 0.3)
    (user_via 0.6 0.3)
    (user_via 0.7 0.4)
    (user_via 0.8 0.5)
    (user_via 0.9 0.6)
    (uvia_size 0.3)
    (uvia_drill 0.1)
    (uvias_allowed no)
    (uvia_min_size 0.2)
    (uvia_min_drill 0.1)
    (edge_width 0.15)
    (segment_width 0.2)
    (pcb_text_width 0.3)
    (pcb_text_size 1.5 1.5)
    (mod_edge_width 0.15)
    (mod_text_size 1 1)
    (mod_text_width 0.15)
    (pad_size 2.1 3)
    (pad_drill 0)
    (pad_to_mask_clearance 0.2)
    (aux_axis_origin 0 0)
    (visible_elements 7FFFFF7F)
    (pcbplotparams
      (layerselection 0x00030_80000001)
      (usegerberextensions false)
      (usegerberattributes false)
      (usegerberadvancedattributes false)
      (creategerberjobfile false)
      (excludeedgelayer true)
      (linewidth 0.100000)
      (plotframeref false)
      (viasonmask false)
      (mode 1)
      (useauxorigin false)
      (hpglpennumber 1)
      (hpglpenspeed 20)
      (hpglpendiameter 15.000000)
      (psnegative false)
      (psa4output false)
      (plotreference true)
      (plotvalue true)
      (plotinvisibletext false)
      (padsonsilk false)
      (subtractmaskfromsilk false)
      (outputformat 1)
      (mirror false)
      (drillshape 1)
      (scaleselection 1)
      (outputdirectory ""))
  )

  (net 0 "")
  (net 1 GND)
  (net 2 +5V)
  (net 3 "Net-(C2-Pad1)")
  (net 4 +3V3)
  (net 5 "Net-(D1-Pad2)")
  (net 6 CANH)
  (net 7 CANL)
  (net 8 "Net-(D3-Pad2)")
  (net 9 "Net-(D4-Pad2)")
  (net 10 "Net-(D5-Pad2)")
  (net 11 SWDIO)
  (net 12 SWCLK)
  (net 13 "Net-(J3-Pad2)")
  (net 14 "Net-(J3-Pad3)")
  (net 15 I2C1_SDA)
  (net 16 I2C1_SCL)
  (net 17 "Net-(R4-Pad1)")
  (net 18 U1TX)
  (net 19 U1RX)
  (net 20 "Net-(R8-Pad1)")
  (net 21 "Net-(R9-Pad1)")
  (net 22 BARO_CS)
  (net 23 SPI1_SCK)
  (net 24 SPI1_MOSI)
  (net 25 SPI1_MISO)
  (net 26 ADC1_IN0)
  (net 27 ADC1_IN2)
  (net 28 ADC1_IN1)
  (net 29 ADC1_IN3)
  (net 30 "Net-(U4-Pad5)")
  (net 31 "Net-(U4-Pad6)")
  (net 32 "Net-(U4-Pad7)")
  (net 33 "Net-(U4-Pad8)")
  (net 34 CAN_TX)
  (net 35 CAN_RX)
  (net 36 "Net-(U5-Pad5)")
  (net 37 "Net-(U5-Pad8)")
  (net 38 "Net-(U6-Pad2)")
  (net 39 "Net-(U6-Pad3)")
  (net 40 "Net-(U6-Pad4)")
  (net 41 "Net-(U6-Pad5)")
  (net 42 "Net-(U6-Pad6)")
  (net 43 "Net-(U6-Pad19)")
  (net 44 "Net-(U6-Pad20)")
  (net 45 "Net-(U6-Pad25)")
  (net 46 "Net-(U6-Pad26)")
  (net 47 "Net-(U6-Pad27)")
  (net 48 "Net-(U6-Pad28)")
  (net 49 "Net-(U6-Pad29)")
  (net 50 "Net-(U6-Pad38)")
  (net 51 "Net-(U6-Pad39)")
  (net 52 "Net-(U6-Pad45)")
  (net 53 "Net-(U6-Pad46)")
  (net 54 "Net-(U6-Pad14)")
  (net 55 "Net-(U6-Pad21)")
  (net 56 "Net-(U6-Pad22)")
  (net 57 A3)
  (net 58 A2)
  (net 59 A1)
  (net 60 A0)
  (net 61 nRST)
  (net 62 "Net-(J2-Pad6)")
  (net 63 "Net-(J2-Pad7)")
  (net 64 "Net-(J2-Pad8)")

  (net_class Default "This is the default net class."
    (clearance 0.2)
    (trace_width 0.25)
    (via_dia 0.65)
    (via_drill 0.35)
    (uvia_dia 0.3)
    (uvia_drill 0.1)
    (add_net +3V3)
    (add_net +5V)
    (add_net A0)
    (add_net A1)
    (add_net A2)
    (add_net A3)
    (add_net ADC1_IN0)
    (add_net ADC1_IN1)
    (add_net ADC1_IN2)
    (add_net ADC1_IN3)
    (add_net BARO_CS)
    (add_net CANH)
    (add_net CANL)
    (add_net CAN_RX)
    (add_net CAN_TX)
    (add_net GND)
    (add_net I2C1_SCL)
    (add_net I2C1_SDA)
    (add_net "Net-(C2-Pad1)")
    (add_net "Net-(D1-Pad2)")
    (add_net "Net-(D3-Pad2)")
    (add_net "Net-(D4-Pad2)")
    (add_net "Net-(D5-Pad2)")
    (add_net "Net-(J2-Pad6)")
    (add_net "Net-(J2-Pad7)")
    (add_net "Net-(J2-Pad8)")
    (add_net "Net-(J3-Pad2)")
    (add_net "Net-(J3-Pad3)")
    (add_net "Net-(R4-Pad1)")
    (add_net "Net-(R8-Pad1)")
    (add_net "Net-(R9-Pad1)")
    (add_net "Net-(U4-Pad5)")
    (add_net "Net-(U4-Pad6)")
    (add_net "Net-(U4-Pad7)")
    (add_net "Net-(U4-Pad8)")
    (add_net "Net-(U5-Pad5)")
    (add_net "Net-(U5-Pad8)")
    (add_net "Net-(U6-Pad14)")
    (add_net "Net-(U6-Pad19)")
    (add_net "Net-(U6-Pad2)")
    (add_net "Net-(U6-Pad20)")
    (add_net "Net-(U6-Pad21)")
    (add_net "Net-(U6-Pad22)")
    (add_net "Net-(U6-Pad25)")
    (add_net "Net-(U6-Pad26)")
    (add_net "Net-(U6-Pad27)")
    (add_net "Net-(U6-Pad28)")
    (add_net "Net-(U6-Pad29)")
    (add_net "Net-(U6-Pad3)")
    (add_net "Net-(U6-Pad38)")
    (add_net "Net-(U6-Pad39)")
    (add_net "Net-(U6-Pad4)")
    (add_net "Net-(U6-Pad45)")
    (add_net "Net-(U6-Pad46)")
    (add_net "Net-(U6-Pad5)")
    (add_net "Net-(U6-Pad6)")
    (add_net SPI1_MISO)
    (add_net SPI1_MOSI)
    (add_net SPI1_SCK)
    (add_net SWCLK)
    (add_net SWDIO)
    (add_net U1RX)
    (add_net U1TX)
    (add_net nRST)
  )

  (module MEMS:MS4525DO-DS (layer F.Cu) (tedit 5CA2E1EE) (tstamp 5CA3F330)
    (at 122.6 105.9 270)
    (path /5CA1C9A1)
    (fp_text reference U4 (at 0 0.4 270) (layer F.SilkS)
      (effects (font (size 0.4 0.4) (thickness 0.1)))
    )
    (fp_text value MS4525DO (at 0 -0.7 270) (layer F.Fab)
      (effects (font (size 0.4 0.4) (thickness 0.1)))
    )
    (fp_line (start 4 11.5) (end 4 5) (layer Dwgs.User) (width 0.15))
    (fp_line (start 3 12.5) (end 4 11.5) (layer Dwgs.User) (width 0.15))
    (fp_line (start 2 12.5) (end 3 12.5) (layer Dwgs.User) (width 0.15))
    (fp_line (start 1 11.5) (end 2 12.5) (layer Dwgs.User) (width 0.15))
    (fp_line (start 1 5) (end 1 11.5) (layer Dwgs.User) (width 0.15))
    (fp_line (start -1 11.5) (end -1 5) (layer Dwgs.User) (width 0.15))
    (fp_line (start -2 12.5) (end -1 11.5) (layer Dwgs.User) (width 0.15))
    (fp_line (start -3 12.5) (end -2 12.5) (layer Dwgs.User) (width 0.15))
    (fp_line (start -4 11.5) (end -3 12.5) (layer Dwgs.User) (width 0.15))
    (fp_line (start -4 5) (end -4 11.5) (layer Dwgs.User) (width 0.15))
    (fp_line (start -6.2 -5) (end 6.2 -5) (layer Dwgs.User) (width 0.15))
    (fp_line (start 6.2 5) (end -6.2 5) (layer Dwgs.User) (width 0.15))
    (fp_line (start 6.2 -5) (end 6.2 5) (layer Dwgs.User) (width 0.15))
    (fp_line (start -6.2 -5) (end -6.2 5) (layer Dwgs.User) (width 0.15))
    (pad 8 thru_hole circle (at -6.35 3.75 270) (size 1.524 1.524) (drill 0.762) (layers *.Cu *.Mask)
      (net 33 "Net-(U4-Pad8)"))
    (pad 7 thru_hole circle (at -6.35 1.25 270) (size 1.524 1.524) (drill 0.762) (layers *.Cu *.Mask)
      (net 32 "Net-(U4-Pad7)"))
    (pad 6 thru_hole circle (at -6.35 -1.25 270) (size 1.524 1.524) (drill 0.762) (layers *.Cu *.Mask)
      (net 31 "Net-(U4-Pad6)"))
    (pad 5 thru_hole circle (at -6.35 -3.75 270) (size 1.524 1.524) (drill 0.762) (layers *.Cu *.Mask)
      (net 30 "Net-(U4-Pad5)"))
    (pad 4 thru_hole circle (at 6.35 -3.75 270) (size 1.524 1.524) (drill 0.762) (layers *.Cu *.Mask)
      (net 16 I2C1_SCL))
    (pad 3 thru_hole circle (at 6.35 -1.25 270) (size 1.524 1.524) (drill 0.762) (layers *.Cu *.Mask)
      (net 15 I2C1_SDA))
    (pad 2 thru_hole circle (at 6.35 1.25 270) (size 1.524 1.524) (drill 0.762) (layers *.Cu *.Mask)
      (net 4 +3V3))
    (pad 1 thru_hole rect (at 6.35 3.75 270) (size 1.524 1.524) (drill 0.762) (layers *.Cu *.Mask)
      (net 1 GND))
    (model D:/docs/workplace/kicad/libraries/extras/3d/MS4525-DSxxxP.stp
      (offset (xyz 0 0 5.5))
      (scale (xyz 1 1 1))
      (rotate (xyz -90 0 0))
    )
  )

  (module MountingHole:MountingHole_3.2mm_M3 (layer F.Cu) (tedit 56D1B4CB) (tstamp 5CA356A0)
    (at 135 125)
    (descr "Mounting Hole 3.2mm, no annular, M3")
    (tags "mounting hole 3.2mm no annular m3")
    (attr virtual)
    (fp_text reference REF** (at 0 -4.2) (layer F.SilkS) hide
      (effects (font (size 0.4 0.4) (thickness 0.1)))
    )
    (fp_text value MountingHole_3.2mm_M3 (at 0 4.2) (layer F.Fab) hide
      (effects (font (size 0.4 0.4) (thickness 0.1)))
    )
    (fp_circle (center 0 0) (end 3.45 0) (layer F.CrtYd) (width 0.05))
    (fp_circle (center 0 0) (end 3.2 0) (layer Cmts.User) (width 0.15))
    (fp_text user %R (at 0.3 0) (layer F.Fab) hide
      (effects (font (size 1 1) (thickness 0.15)))
    )
    (pad 1 np_thru_hole circle (at 0 0) (size 3.2 3.2) (drill 3.2) (layers *.Cu *.Mask))
  )

  (module MountingHole:MountingHole_3.2mm_M3 (layer F.Cu) (tedit 56D1B4CB) (tstamp 5CA35692)
    (at 135 101)
    (descr "Mounting Hole 3.2mm, no annular, M3")
    (tags "mounting hole 3.2mm no annular m3")
    (attr virtual)
    (fp_text reference REF** (at 0 -4.2) (layer F.SilkS) hide
      (effects (font (size 0.4 0.4) (thickness 0.1)))
    )
    (fp_text value MountingHole_3.2mm_M3 (at 0 4.2) (layer F.Fab) hide
      (effects (font (size 0.4 0.4) (thickness 0.1)))
    )
    (fp_text user %R (at 0.3 0) (layer F.Fab) hide
      (effects (font (size 1 1) (thickness 0.15)))
    )
    (fp_circle (center 0 0) (end 3.2 0) (layer Cmts.User) (width 0.15))
    (fp_circle (center 0 0) (end 3.45 0) (layer F.CrtYd) (width 0.05))
    (pad 1 np_thru_hole circle (at 0 0) (size 3.2 3.2) (drill 3.2) (layers *.Cu *.Mask))
  )

  (module MountingHole:MountingHole_3.2mm_M3 (layer F.Cu) (tedit 56D1B4CB) (tstamp 5CA35087)
    (at 159 125)
    (descr "Mounting Hole 3.2mm, no annular, M3")
    (tags "mounting hole 3.2mm no annular m3")
    (attr virtual)
    (fp_text reference REF** (at 0 -4.2) (layer F.SilkS) hide
      (effects (font (size 0.4 0.4) (thickness 0.1)))
    )
    (fp_text value MountingHole_3.2mm_M3 (at 0 4.2) (layer F.Fab) hide
      (effects (font (size 0.4 0.4) (thickness 0.1)))
    )
    (fp_text user %R (at 0.3 0) (layer F.Fab) hide
      (effects (font (size 1 1) (thickness 0.15)))
    )
    (fp_circle (center 0 0) (end 3.2 0) (layer Cmts.User) (width 0.15))
    (fp_circle (center 0 0) (end 3.45 0) (layer F.CrtYd) (width 0.05))
    (pad 1 np_thru_hole circle (at 0 0) (size 3.2 3.2) (drill 3.2) (layers *.Cu *.Mask))
  )

  (module MountingHole:MountingHole_3.2mm_M3 (layer F.Cu) (tedit 56D1B4CB) (tstamp 5CA34EBE)
    (at 159 101)
    (descr "Mounting Hole 3.2mm, no annular, M3")
    (tags "mounting hole 3.2mm no annular m3")
    (attr virtual)
    (fp_text reference REF** (at 0 -4.2) (layer F.SilkS) hide
      (effects (font (size 0.4 0.4) (thickness 0.1)))
    )
    (fp_text value MountingHole_3.2mm_M3 (at 0 4.2) (layer F.Fab) hide
      (effects (font (size 0.4 0.4) (thickness 0.1)))
    )
    (fp_circle (center 0 0) (end 3.45 0) (layer F.CrtYd) (width 0.05))
    (fp_circle (center 0 0) (end 3.2 0) (layer Cmts.User) (width 0.15))
    (fp_text user %R (at 0.3 0) (layer F.Fab) hide
      (effects (font (size 1 1) (thickness 0.15)))
    )
    (pad 1 np_thru_hole circle (at 0 0) (size 3.2 3.2) (drill 3.2) (layers *.Cu *.Mask))
  )

  (module Capacitor_SMD:C_0603_1608Metric (layer F.Cu) (tedit 5B301BBE) (tstamp 5CA3177A)
    (at 155 105.1 90)
    (descr "Capacitor SMD 0603 (1608 Metric), square (rectangular) end terminal, IPC_7351 nominal, (Body size source: http://www.tortai-tech.com/upload/download/2011102023233369053.pdf), generated with kicad-footprint-generator")
    (tags capacitor)
    (path /5CA62110)
    (attr smd)
    (fp_text reference C1 (at -1.9 0 180) (layer F.SilkS)
      (effects (font (size 0.4 0.4) (thickness 0.1)))
    )
    (fp_text value 4.7uF (at 0 1.1 90) (layer F.Fab)
      (effects (font (size 0.4 0.4) (thickness 0.1)))
    )
    (fp_text user %R (at 0 0 90) (layer F.Fab) hide
      (effects (font (size 0.4 0.4) (thickness 0.06)))
    )
    (fp_line (start 1.48 0.73) (end -1.48 0.73) (layer F.CrtYd) (width 0.05))
    (fp_line (start 1.48 -0.73) (end 1.48 0.73) (layer F.CrtYd) (width 0.05))
    (fp_line (start -1.48 -0.73) (end 1.48 -0.73) (layer F.CrtYd) (width 0.05))
    (fp_line (start -1.48 0.73) (end -1.48 -0.73) (layer F.CrtYd) (width 0.05))
    (fp_line (start -0.162779 0.51) (end 0.162779 0.51) (layer F.SilkS) (width 0.12))
    (fp_line (start -0.162779 -0.51) (end 0.162779 -0.51) (layer F.SilkS) (width 0.12))
    (fp_line (start 0.8 0.4) (end -0.8 0.4) (layer F.Fab) (width 0.1))
    (fp_line (start 0.8 -0.4) (end 0.8 0.4) (layer F.Fab) (width 0.1))
    (fp_line (start -0.8 -0.4) (end 0.8 -0.4) (layer F.Fab) (width 0.1))
    (fp_line (start -0.8 0.4) (end -0.8 -0.4) (layer F.Fab) (width 0.1))
    (pad 2 smd roundrect (at 0.7875 0 90) (size 0.875 0.95) (layers F.Cu F.Paste F.Mask) (roundrect_rratio 0.25)
      (net 1 GND))
    (pad 1 smd roundrect (at -0.7875 0 90) (size 0.875 0.95) (layers F.Cu F.Paste F.Mask) (roundrect_rratio 0.25)
      (net 2 +5V))
    (model ${KISYS3DMOD}/Capacitor_SMD.3dshapes/C_0603_1608Metric.wrl
      (at (xyz 0 0 0))
      (scale (xyz 1 1 1))
      (rotate (xyz 0 0 0))
    )
  )

  (module Capacitor_SMD:C_0603_1608Metric (layer F.Cu) (tedit 5B301BBE) (tstamp 5CA3178B)
    (at 151.9 102.2)
    (descr "Capacitor SMD 0603 (1608 Metric), square (rectangular) end terminal, IPC_7351 nominal, (Body size source: http://www.tortai-tech.com/upload/download/2011102023233369053.pdf), generated with kicad-footprint-generator")
    (tags capacitor)
    (path /5CA62B2E)
    (attr smd)
    (fp_text reference C2 (at -1.8 0 90) (layer F.SilkS)
      (effects (font (size 0.4 0.4) (thickness 0.1)))
    )
    (fp_text value 10nF (at 0 -1.1) (layer F.Fab)
      (effects (font (size 0.4 0.4) (thickness 0.1)))
    )
    (fp_line (start -0.8 0.4) (end -0.8 -0.4) (layer F.Fab) (width 0.1))
    (fp_line (start -0.8 -0.4) (end 0.8 -0.4) (layer F.Fab) (width 0.1))
    (fp_line (start 0.8 -0.4) (end 0.8 0.4) (layer F.Fab) (width 0.1))
    (fp_line (start 0.8 0.4) (end -0.8 0.4) (layer F.Fab) (width 0.1))
    (fp_line (start -0.162779 -0.51) (end 0.162779 -0.51) (layer F.SilkS) (width 0.12))
    (fp_line (start -0.162779 0.51) (end 0.162779 0.51) (layer F.SilkS) (width 0.12))
    (fp_line (start -1.48 0.73) (end -1.48 -0.73) (layer F.CrtYd) (width 0.05))
    (fp_line (start -1.48 -0.73) (end 1.48 -0.73) (layer F.CrtYd) (width 0.05))
    (fp_line (start 1.48 -0.73) (end 1.48 0.73) (layer F.CrtYd) (width 0.05))
    (fp_line (start 1.48 0.73) (end -1.48 0.73) (layer F.CrtYd) (width 0.05))
    (fp_text user %R (at 0 0) (layer F.Fab) hide
      (effects (font (size 0.4 0.4) (thickness 0.06)))
    )
    (pad 1 smd roundrect (at -0.7875 0) (size 0.875 0.95) (layers F.Cu F.Paste F.Mask) (roundrect_rratio 0.25)
      (net 3 "Net-(C2-Pad1)"))
    (pad 2 smd roundrect (at 0.7875 0) (size 0.875 0.95) (layers F.Cu F.Paste F.Mask) (roundrect_rratio 0.25)
      (net 1 GND))
    (model ${KISYS3DMOD}/Capacitor_SMD.3dshapes/C_0603_1608Metric.wrl
      (at (xyz 0 0 0))
      (scale (xyz 1 1 1))
      (rotate (xyz 0 0 0))
    )
  )

  (module Capacitor_SMD:C_0603_1608Metric (layer F.Cu) (tedit 5B301BBE) (tstamp 5CA3179C)
    (at 149.4 105.0125 90)
    (descr "Capacitor SMD 0603 (1608 Metric), square (rectangular) end terminal, IPC_7351 nominal, (Body size source: http://www.tortai-tech.com/upload/download/2011102023233369053.pdf), generated with kicad-footprint-generator")
    (tags capacitor)
    (path /5CA6374F)
    (attr smd)
    (fp_text reference C3 (at 1.8125 0 180) (layer F.SilkS)
      (effects (font (size 0.4 0.4) (thickness 0.1)))
    )
    (fp_text value 2.2uF (at -1.8875 0 180) (layer F.Fab)
      (effects (font (size 0.4 0.4) (thickness 0.1)))
    )
    (fp_text user %R (at 0 0 90) (layer F.Fab) hide
      (effects (font (size 0.4 0.4) (thickness 0.06)))
    )
    (fp_line (start 1.48 0.73) (end -1.48 0.73) (layer F.CrtYd) (width 0.05))
    (fp_line (start 1.48 -0.73) (end 1.48 0.73) (layer F.CrtYd) (width 0.05))
    (fp_line (start -1.48 -0.73) (end 1.48 -0.73) (layer F.CrtYd) (width 0.05))
    (fp_line (start -1.48 0.73) (end -1.48 -0.73) (layer F.CrtYd) (width 0.05))
    (fp_line (start -0.162779 0.51) (end 0.162779 0.51) (layer F.SilkS) (width 0.12))
    (fp_line (start -0.162779 -0.51) (end 0.162779 -0.51) (layer F.SilkS) (width 0.12))
    (fp_line (start 0.8 0.4) (end -0.8 0.4) (layer F.Fab) (width 0.1))
    (fp_line (start 0.8 -0.4) (end 0.8 0.4) (layer F.Fab) (width 0.1))
    (fp_line (start -0.8 -0.4) (end 0.8 -0.4) (layer F.Fab) (width 0.1))
    (fp_line (start -0.8 0.4) (end -0.8 -0.4) (layer F.Fab) (width 0.1))
    (pad 2 smd roundrect (at 0.7875 0 90) (size 0.875 0.95) (layers F.Cu F.Paste F.Mask) (roundrect_rratio 0.25)
      (net 1 GND))
    (pad 1 smd roundrect (at -0.7875 0 90) (size 0.875 0.95) (layers F.Cu F.Paste F.Mask) (roundrect_rratio 0.25)
      (net 4 +3V3))
    (model ${KISYS3DMOD}/Capacitor_SMD.3dshapes/C_0603_1608Metric.wrl
      (at (xyz 0 0 0))
      (scale (xyz 1 1 1))
      (rotate (xyz 0 0 0))
    )
  )

  (module Capacitor_SMD:C_0603_1608Metric (layer F.Cu) (tedit 5B301BBE) (tstamp 5CA317AD)
    (at 122.6 122.4 270)
    (descr "Capacitor SMD 0603 (1608 Metric), square (rectangular) end terminal, IPC_7351 nominal, (Body size source: http://www.tortai-tech.com/upload/download/2011102023233369053.pdf), generated with kicad-footprint-generator")
    (tags capacitor)
    (path /5CC0E334)
    (attr smd)
    (fp_text reference C4 (at -1.8 0) (layer F.SilkS)
      (effects (font (size 0.4 0.4) (thickness 0.1)))
    )
    (fp_text value 100nF (at 0 1.1 270) (layer F.Fab)
      (effects (font (size 0.4 0.4) (thickness 0.1)))
    )
    (fp_text user %R (at 0 0 270) (layer F.Fab) hide
      (effects (font (size 0.4 0.4) (thickness 0.06)))
    )
    (fp_line (start 1.48 0.73) (end -1.48 0.73) (layer F.CrtYd) (width 0.05))
    (fp_line (start 1.48 -0.73) (end 1.48 0.73) (layer F.CrtYd) (width 0.05))
    (fp_line (start -1.48 -0.73) (end 1.48 -0.73) (layer F.CrtYd) (width 0.05))
    (fp_line (start -1.48 0.73) (end -1.48 -0.73) (layer F.CrtYd) (width 0.05))
    (fp_line (start -0.162779 0.51) (end 0.162779 0.51) (layer F.SilkS) (width 0.12))
    (fp_line (start -0.162779 -0.51) (end 0.162779 -0.51) (layer F.SilkS) (width 0.12))
    (fp_line (start 0.8 0.4) (end -0.8 0.4) (layer F.Fab) (width 0.1))
    (fp_line (start 0.8 -0.4) (end 0.8 0.4) (layer F.Fab) (width 0.1))
    (fp_line (start -0.8 -0.4) (end 0.8 -0.4) (layer F.Fab) (width 0.1))
    (fp_line (start -0.8 0.4) (end -0.8 -0.4) (layer F.Fab) (width 0.1))
    (pad 2 smd roundrect (at 0.7875 0 270) (size 0.875 0.95) (layers F.Cu F.Paste F.Mask) (roundrect_rratio 0.25)
      (net 1 GND))
    (pad 1 smd roundrect (at -0.7875 0 270) (size 0.875 0.95) (layers F.Cu F.Paste F.Mask) (roundrect_rratio 0.25)
      (net 4 +3V3))
    (model ${KISYS3DMOD}/Capacitor_SMD.3dshapes/C_0603_1608Metric.wrl
      (at (xyz 0 0 0))
      (scale (xyz 1 1 1))
      (rotate (xyz 0 0 0))
    )
  )

  (module Capacitor_SMD:C_0603_1608Metric (layer F.Cu) (tedit 5B301BBE) (tstamp 5CA317BE)
    (at 141.3 124.2)
    (descr "Capacitor SMD 0603 (1608 Metric), square (rectangular) end terminal, IPC_7351 nominal, (Body size source: http://www.tortai-tech.com/upload/download/2011102023233369053.pdf), generated with kicad-footprint-generator")
    (tags capacitor)
    (path /5CA8B60F)
    (attr smd)
    (fp_text reference C5 (at -1.8 0 90) (layer F.SilkS)
      (effects (font (size 0.4 0.4) (thickness 0.1)))
    )
    (fp_text value 100nF (at 0 1.1) (layer F.Fab)
      (effects (font (size 0.4 0.4) (thickness 0.1)))
    )
    (fp_line (start -0.8 0.4) (end -0.8 -0.4) (layer F.Fab) (width 0.1))
    (fp_line (start -0.8 -0.4) (end 0.8 -0.4) (layer F.Fab) (width 0.1))
    (fp_line (start 0.8 -0.4) (end 0.8 0.4) (layer F.Fab) (width 0.1))
    (fp_line (start 0.8 0.4) (end -0.8 0.4) (layer F.Fab) (width 0.1))
    (fp_line (start -0.162779 -0.51) (end 0.162779 -0.51) (layer F.SilkS) (width 0.12))
    (fp_line (start -0.162779 0.51) (end 0.162779 0.51) (layer F.SilkS) (width 0.12))
    (fp_line (start -1.48 0.73) (end -1.48 -0.73) (layer F.CrtYd) (width 0.05))
    (fp_line (start -1.48 -0.73) (end 1.48 -0.73) (layer F.CrtYd) (width 0.05))
    (fp_line (start 1.48 -0.73) (end 1.48 0.73) (layer F.CrtYd) (width 0.05))
    (fp_line (start 1.48 0.73) (end -1.48 0.73) (layer F.CrtYd) (width 0.05))
    (fp_text user %R (at 0 0) (layer F.Fab) hide
      (effects (font (size 0.4 0.4) (thickness 0.06)))
    )
    (pad 1 smd roundrect (at -0.7875 0) (size 0.875 0.95) (layers F.Cu F.Paste F.Mask) (roundrect_rratio 0.25)
      (net 4 +3V3))
    (pad 2 smd roundrect (at 0.7875 0) (size 0.875 0.95) (layers F.Cu F.Paste F.Mask) (roundrect_rratio 0.25)
      (net 1 GND))
    (model ${KISYS3DMOD}/Capacitor_SMD.3dshapes/C_0603_1608Metric.wrl
      (at (xyz 0 0 0))
      (scale (xyz 1 1 1))
      (rotate (xyz 0 0 0))
    )
  )

  (module Capacitor_SMD:C_0603_1608Metric (layer F.Cu) (tedit 5B301BBE) (tstamp 5CA317CF)
    (at 133.1 107.1 180)
    (descr "Capacitor SMD 0603 (1608 Metric), square (rectangular) end terminal, IPC_7351 nominal, (Body size source: http://www.tortai-tech.com/upload/download/2011102023233369053.pdf), generated with kicad-footprint-generator")
    (tags capacitor)
    (path /5CA44215)
    (attr smd)
    (fp_text reference C6 (at 1.8 0 270) (layer F.SilkS)
      (effects (font (size 0.4 0.4) (thickness 0.1)))
    )
    (fp_text value 4.7uF (at -0.3 1.1 180) (layer F.Fab)
      (effects (font (size 0.4 0.4) (thickness 0.1)))
    )
    (fp_line (start -0.8 0.4) (end -0.8 -0.4) (layer F.Fab) (width 0.1))
    (fp_line (start -0.8 -0.4) (end 0.8 -0.4) (layer F.Fab) (width 0.1))
    (fp_line (start 0.8 -0.4) (end 0.8 0.4) (layer F.Fab) (width 0.1))
    (fp_line (start 0.8 0.4) (end -0.8 0.4) (layer F.Fab) (width 0.1))
    (fp_line (start -0.162779 -0.51) (end 0.162779 -0.51) (layer F.SilkS) (width 0.12))
    (fp_line (start -0.162779 0.51) (end 0.162779 0.51) (layer F.SilkS) (width 0.12))
    (fp_line (start -1.48 0.73) (end -1.48 -0.73) (layer F.CrtYd) (width 0.05))
    (fp_line (start -1.48 -0.73) (end 1.48 -0.73) (layer F.CrtYd) (width 0.05))
    (fp_line (start 1.48 -0.73) (end 1.48 0.73) (layer F.CrtYd) (width 0.05))
    (fp_line (start 1.48 0.73) (end -1.48 0.73) (layer F.CrtYd) (width 0.05))
    (fp_text user %R (at 0 0 180) (layer F.Fab) hide
      (effects (font (size 0.4 0.4) (thickness 0.06)))
    )
    (pad 1 smd roundrect (at -0.7875 0 180) (size 0.875 0.95) (layers F.Cu F.Paste F.Mask) (roundrect_rratio 0.25)
      (net 4 +3V3))
    (pad 2 smd roundrect (at 0.7875 0 180) (size 0.875 0.95) (layers F.Cu F.Paste F.Mask) (roundrect_rratio 0.25)
      (net 1 GND))
    (model ${KISYS3DMOD}/Capacitor_SMD.3dshapes/C_0603_1608Metric.wrl
      (at (xyz 0 0 0))
      (scale (xyz 1 1 1))
      (rotate (xyz 0 0 0))
    )
  )

  (module Capacitor_SMD:C_0603_1608Metric (layer F.Cu) (tedit 5B301BBE) (tstamp 5CA317E0)
    (at 133.1 108.8 180)
    (descr "Capacitor SMD 0603 (1608 Metric), square (rectangular) end terminal, IPC_7351 nominal, (Body size source: http://www.tortai-tech.com/upload/download/2011102023233369053.pdf), generated with kicad-footprint-generator")
    (tags capacitor)
    (path /5CA42245)
    (attr smd)
    (fp_text reference C7 (at 1.8 0 270) (layer F.SilkS)
      (effects (font (size 0.4 0.4) (thickness 0.1)))
    )
    (fp_text value 100nF (at -0.3 -1.1 180) (layer F.Fab)
      (effects (font (size 0.4 0.4) (thickness 0.1)))
    )
    (fp_text user %R (at 0 0 180) (layer F.Fab) hide
      (effects (font (size 0.4 0.4) (thickness 0.06)))
    )
    (fp_line (start 1.48 0.73) (end -1.48 0.73) (layer F.CrtYd) (width 0.05))
    (fp_line (start 1.48 -0.73) (end 1.48 0.73) (layer F.CrtYd) (width 0.05))
    (fp_line (start -1.48 -0.73) (end 1.48 -0.73) (layer F.CrtYd) (width 0.05))
    (fp_line (start -1.48 0.73) (end -1.48 -0.73) (layer F.CrtYd) (width 0.05))
    (fp_line (start -0.162779 0.51) (end 0.162779 0.51) (layer F.SilkS) (width 0.12))
    (fp_line (start -0.162779 -0.51) (end 0.162779 -0.51) (layer F.SilkS) (width 0.12))
    (fp_line (start 0.8 0.4) (end -0.8 0.4) (layer F.Fab) (width 0.1))
    (fp_line (start 0.8 -0.4) (end 0.8 0.4) (layer F.Fab) (width 0.1))
    (fp_line (start -0.8 -0.4) (end 0.8 -0.4) (layer F.Fab) (width 0.1))
    (fp_line (start -0.8 0.4) (end -0.8 -0.4) (layer F.Fab) (width 0.1))
    (pad 2 smd roundrect (at 0.7875 0 180) (size 0.875 0.95) (layers F.Cu F.Paste F.Mask) (roundrect_rratio 0.25)
      (net 1 GND))
    (pad 1 smd roundrect (at -0.7875 0 180) (size 0.875 0.95) (layers F.Cu F.Paste F.Mask) (roundrect_rratio 0.25)
      (net 4 +3V3))
    (model ${KISYS3DMOD}/Capacitor_SMD.3dshapes/C_0603_1608Metric.wrl
      (at (xyz 0 0 0))
      (scale (xyz 1 1 1))
      (rotate (xyz 0 0 0))
    )
  )

  (module Capacitor_SMD:C_0603_1608Metric (layer F.Cu) (tedit 5B301BBE) (tstamp 5CA317F1)
    (at 131.8 114.6 180)
    (descr "Capacitor SMD 0603 (1608 Metric), square (rectangular) end terminal, IPC_7351 nominal, (Body size source: http://www.tortai-tech.com/upload/download/2011102023233369053.pdf), generated with kicad-footprint-generator")
    (tags capacitor)
    (path /5CA42E18)
    (attr smd)
    (fp_text reference C8 (at -1.8 0 270) (layer F.SilkS)
      (effects (font (size 0.4 0.4) (thickness 0.1)))
    )
    (fp_text value 100nF (at 0 -1.1 180) (layer F.Fab)
      (effects (font (size 0.4 0.4) (thickness 0.1)))
    )
    (fp_line (start -0.8 0.4) (end -0.8 -0.4) (layer F.Fab) (width 0.1))
    (fp_line (start -0.8 -0.4) (end 0.8 -0.4) (layer F.Fab) (width 0.1))
    (fp_line (start 0.8 -0.4) (end 0.8 0.4) (layer F.Fab) (width 0.1))
    (fp_line (start 0.8 0.4) (end -0.8 0.4) (layer F.Fab) (width 0.1))
    (fp_line (start -0.162779 -0.51) (end 0.162779 -0.51) (layer F.SilkS) (width 0.12))
    (fp_line (start -0.162779 0.51) (end 0.162779 0.51) (layer F.SilkS) (width 0.12))
    (fp_line (start -1.48 0.73) (end -1.48 -0.73) (layer F.CrtYd) (width 0.05))
    (fp_line (start -1.48 -0.73) (end 1.48 -0.73) (layer F.CrtYd) (width 0.05))
    (fp_line (start 1.48 -0.73) (end 1.48 0.73) (layer F.CrtYd) (width 0.05))
    (fp_line (start 1.48 0.73) (end -1.48 0.73) (layer F.CrtYd) (width 0.05))
    (fp_text user %R (at 0 0 180) (layer F.Fab) hide
      (effects (font (size 0.4 0.4) (thickness 0.06)))
    )
    (pad 1 smd roundrect (at -0.7875 0 180) (size 0.875 0.95) (layers F.Cu F.Paste F.Mask) (roundrect_rratio 0.25)
      (net 4 +3V3))
    (pad 2 smd roundrect (at 0.7875 0 180) (size 0.875 0.95) (layers F.Cu F.Paste F.Mask) (roundrect_rratio 0.25)
      (net 1 GND))
    (model ${KISYS3DMOD}/Capacitor_SMD.3dshapes/C_0603_1608Metric.wrl
      (at (xyz 0 0 0))
      (scale (xyz 1 1 1))
      (rotate (xyz 0 0 0))
    )
  )

  (module Capacitor_SMD:C_0603_1608Metric (layer F.Cu) (tedit 5B301BBE) (tstamp 5CA31802)
    (at 144.5 118.2 180)
    (descr "Capacitor SMD 0603 (1608 Metric), square (rectangular) end terminal, IPC_7351 nominal, (Body size source: http://www.tortai-tech.com/upload/download/2011102023233369053.pdf), generated with kicad-footprint-generator")
    (tags capacitor)
    (path /5CA43444)
    (attr smd)
    (fp_text reference C9 (at -0.6 -1.1 180) (layer F.SilkS)
      (effects (font (size 0.4 0.4) (thickness 0.1)))
    )
    (fp_text value 100nF (at -0.3 1.1 180) (layer F.Fab)
      (effects (font (size 0.4 0.4) (thickness 0.1)))
    )
    (fp_text user %R (at 0 0 180) (layer F.Fab) hide
      (effects (font (size 0.4 0.4) (thickness 0.06)))
    )
    (fp_line (start 1.48 0.73) (end -1.48 0.73) (layer F.CrtYd) (width 0.05))
    (fp_line (start 1.48 -0.73) (end 1.48 0.73) (layer F.CrtYd) (width 0.05))
    (fp_line (start -1.48 -0.73) (end 1.48 -0.73) (layer F.CrtYd) (width 0.05))
    (fp_line (start -1.48 0.73) (end -1.48 -0.73) (layer F.CrtYd) (width 0.05))
    (fp_line (start -0.162779 0.51) (end 0.162779 0.51) (layer F.SilkS) (width 0.12))
    (fp_line (start -0.162779 -0.51) (end 0.162779 -0.51) (layer F.SilkS) (width 0.12))
    (fp_line (start 0.8 0.4) (end -0.8 0.4) (layer F.Fab) (width 0.1))
    (fp_line (start 0.8 -0.4) (end 0.8 0.4) (layer F.Fab) (width 0.1))
    (fp_line (start -0.8 -0.4) (end 0.8 -0.4) (layer F.Fab) (width 0.1))
    (fp_line (start -0.8 0.4) (end -0.8 -0.4) (layer F.Fab) (width 0.1))
    (pad 2 smd roundrect (at 0.7875 0 180) (size 0.875 0.95) (layers F.Cu F.Paste F.Mask) (roundrect_rratio 0.25)
      (net 1 GND))
    (pad 1 smd roundrect (at -0.7875 0 180) (size 0.875 0.95) (layers F.Cu F.Paste F.Mask) (roundrect_rratio 0.25)
      (net 4 +3V3))
    (model ${KISYS3DMOD}/Capacitor_SMD.3dshapes/C_0603_1608Metric.wrl
      (at (xyz 0 0 0))
      (scale (xyz 1 1 1))
      (rotate (xyz 0 0 0))
    )
  )

  (module Capacitor_SMD:C_0603_1608Metric (layer F.Cu) (tedit 5B301BBE) (tstamp 5CA31813)
    (at 145.7 107.9)
    (descr "Capacitor SMD 0603 (1608 Metric), square (rectangular) end terminal, IPC_7351 nominal, (Body size source: http://www.tortai-tech.com/upload/download/2011102023233369053.pdf), generated with kicad-footprint-generator")
    (tags capacitor)
    (path /5CA43860)
    (attr smd)
    (fp_text reference C10 (at 1.9 0 90) (layer F.SilkS)
      (effects (font (size 0.4 0.4) (thickness 0.1)))
    )
    (fp_text value 100nF (at 0 -1.1) (layer F.Fab)
      (effects (font (size 0.4 0.4) (thickness 0.1)))
    )
    (fp_line (start -0.8 0.4) (end -0.8 -0.4) (layer F.Fab) (width 0.1))
    (fp_line (start -0.8 -0.4) (end 0.8 -0.4) (layer F.Fab) (width 0.1))
    (fp_line (start 0.8 -0.4) (end 0.8 0.4) (layer F.Fab) (width 0.1))
    (fp_line (start 0.8 0.4) (end -0.8 0.4) (layer F.Fab) (width 0.1))
    (fp_line (start -0.162779 -0.51) (end 0.162779 -0.51) (layer F.SilkS) (width 0.12))
    (fp_line (start -0.162779 0.51) (end 0.162779 0.51) (layer F.SilkS) (width 0.12))
    (fp_line (start -1.48 0.73) (end -1.48 -0.73) (layer F.CrtYd) (width 0.05))
    (fp_line (start -1.48 -0.73) (end 1.48 -0.73) (layer F.CrtYd) (width 0.05))
    (fp_line (start 1.48 -0.73) (end 1.48 0.73) (layer F.CrtYd) (width 0.05))
    (fp_line (start 1.48 0.73) (end -1.48 0.73) (layer F.CrtYd) (width 0.05))
    (fp_text user %R (at 0 0) (layer F.Fab) hide
      (effects (font (size 0.4 0.4) (thickness 0.06)))
    )
    (pad 1 smd roundrect (at -0.7875 0) (size 0.875 0.95) (layers F.Cu F.Paste F.Mask) (roundrect_rratio 0.25)
      (net 4 +3V3))
    (pad 2 smd roundrect (at 0.7875 0) (size 0.875 0.95) (layers F.Cu F.Paste F.Mask) (roundrect_rratio 0.25)
      (net 1 GND))
    (model ${KISYS3DMOD}/Capacitor_SMD.3dshapes/C_0603_1608Metric.wrl
      (at (xyz 0 0 0))
      (scale (xyz 1 1 1))
      (rotate (xyz 0 0 0))
    )
  )

  (module Capacitor_SMD:C_0603_1608Metric (layer F.Cu) (tedit 5B301BBE) (tstamp 5CA31824)
    (at 136.5 105.9)
    (descr "Capacitor SMD 0603 (1608 Metric), square (rectangular) end terminal, IPC_7351 nominal, (Body size source: http://www.tortai-tech.com/upload/download/2011102023233369053.pdf), generated with kicad-footprint-generator")
    (tags capacitor)
    (path /5CA43C32)
    (attr smd)
    (fp_text reference C11 (at -0.4 -1.1) (layer F.SilkS)
      (effects (font (size 0.4 0.4) (thickness 0.1)))
    )
    (fp_text value 100nF (at -0.6 1.1) (layer F.Fab)
      (effects (font (size 0.4 0.4) (thickness 0.1)))
    )
    (fp_text user %R (at 0 0) (layer F.Fab) hide
      (effects (font (size 0.4 0.4) (thickness 0.06)))
    )
    (fp_line (start 1.48 0.73) (end -1.48 0.73) (layer F.CrtYd) (width 0.05))
    (fp_line (start 1.48 -0.73) (end 1.48 0.73) (layer F.CrtYd) (width 0.05))
    (fp_line (start -1.48 -0.73) (end 1.48 -0.73) (layer F.CrtYd) (width 0.05))
    (fp_line (start -1.48 0.73) (end -1.48 -0.73) (layer F.CrtYd) (width 0.05))
    (fp_line (start -0.162779 0.51) (end 0.162779 0.51) (layer F.SilkS) (width 0.12))
    (fp_line (start -0.162779 -0.51) (end 0.162779 -0.51) (layer F.SilkS) (width 0.12))
    (fp_line (start 0.8 0.4) (end -0.8 0.4) (layer F.Fab) (width 0.1))
    (fp_line (start 0.8 -0.4) (end 0.8 0.4) (layer F.Fab) (width 0.1))
    (fp_line (start -0.8 -0.4) (end 0.8 -0.4) (layer F.Fab) (width 0.1))
    (fp_line (start -0.8 0.4) (end -0.8 -0.4) (layer F.Fab) (width 0.1))
    (pad 2 smd roundrect (at 0.7875 0) (size 0.875 0.95) (layers F.Cu F.Paste F.Mask) (roundrect_rratio 0.25)
      (net 1 GND))
    (pad 1 smd roundrect (at -0.7875 0) (size 0.875 0.95) (layers F.Cu F.Paste F.Mask) (roundrect_rratio 0.25)
      (net 4 +3V3))
    (model ${KISYS3DMOD}/Capacitor_SMD.3dshapes/C_0603_1608Metric.wrl
      (at (xyz 0 0 0))
      (scale (xyz 1 1 1))
      (rotate (xyz 0 0 0))
    )
  )

  (module Capacitor_SMD:C_0603_1608Metric (layer F.Cu) (tedit 5B301BBE) (tstamp 5CA31835)
    (at 122.2125 114.2)
    (descr "Capacitor SMD 0603 (1608 Metric), square (rectangular) end terminal, IPC_7351 nominal, (Body size source: http://www.tortai-tech.com/upload/download/2011102023233369053.pdf), generated with kicad-footprint-generator")
    (tags capacitor)
    (path /5CB795B5)
    (attr smd)
    (fp_text reference C12 (at 1.8875 0 90) (layer F.SilkS)
      (effects (font (size 0.4 0.4) (thickness 0.1)))
    )
    (fp_text value 100nF (at 0 1.1) (layer F.Fab)
      (effects (font (size 0.4 0.4) (thickness 0.1)))
    )
    (fp_line (start -0.8 0.4) (end -0.8 -0.4) (layer F.Fab) (width 0.1))
    (fp_line (start -0.8 -0.4) (end 0.8 -0.4) (layer F.Fab) (width 0.1))
    (fp_line (start 0.8 -0.4) (end 0.8 0.4) (layer F.Fab) (width 0.1))
    (fp_line (start 0.8 0.4) (end -0.8 0.4) (layer F.Fab) (width 0.1))
    (fp_line (start -0.162779 -0.51) (end 0.162779 -0.51) (layer F.SilkS) (width 0.12))
    (fp_line (start -0.162779 0.51) (end 0.162779 0.51) (layer F.SilkS) (width 0.12))
    (fp_line (start -1.48 0.73) (end -1.48 -0.73) (layer F.CrtYd) (width 0.05))
    (fp_line (start -1.48 -0.73) (end 1.48 -0.73) (layer F.CrtYd) (width 0.05))
    (fp_line (start 1.48 -0.73) (end 1.48 0.73) (layer F.CrtYd) (width 0.05))
    (fp_line (start 1.48 0.73) (end -1.48 0.73) (layer F.CrtYd) (width 0.05))
    (fp_text user %R (at 0 0) (layer F.Fab) hide
      (effects (font (size 0.4 0.4) (thickness 0.06)))
    )
    (pad 1 smd roundrect (at -0.7875 0) (size 0.875 0.95) (layers F.Cu F.Paste F.Mask) (roundrect_rratio 0.25)
      (net 4 +3V3))
    (pad 2 smd roundrect (at 0.7875 0) (size 0.875 0.95) (layers F.Cu F.Paste F.Mask) (roundrect_rratio 0.25)
      (net 1 GND))
    (model ${KISYS3DMOD}/Capacitor_SMD.3dshapes/C_0603_1608Metric.wrl
      (at (xyz 0 0 0))
      (scale (xyz 1 1 1))
      (rotate (xyz 0 0 0))
    )
  )

  (module Capacitor_SMD:C_0603_1608Metric (layer F.Cu) (tedit 5B301BBE) (tstamp 5CA31846)
    (at 128 115.7 180)
    (descr "Capacitor SMD 0603 (1608 Metric), square (rectangular) end terminal, IPC_7351 nominal, (Body size source: http://www.tortai-tech.com/upload/download/2011102023233369053.pdf), generated with kicad-footprint-generator")
    (tags capacitor)
    (path /5CA3028E)
    (attr smd)
    (fp_text reference C13 (at -1.8 0 270) (layer F.SilkS)
      (effects (font (size 0.4 0.4) (thickness 0.1)))
    )
    (fp_text value 100nF (at 2.4 0 180) (layer F.Fab)
      (effects (font (size 0.4 0.4) (thickness 0.1)))
    )
    (fp_line (start -0.8 0.4) (end -0.8 -0.4) (layer F.Fab) (width 0.1))
    (fp_line (start -0.8 -0.4) (end 0.8 -0.4) (layer F.Fab) (width 0.1))
    (fp_line (start 0.8 -0.4) (end 0.8 0.4) (layer F.Fab) (width 0.1))
    (fp_line (start 0.8 0.4) (end -0.8 0.4) (layer F.Fab) (width 0.1))
    (fp_line (start -0.162779 -0.51) (end 0.162779 -0.51) (layer F.SilkS) (width 0.12))
    (fp_line (start -0.162779 0.51) (end 0.162779 0.51) (layer F.SilkS) (width 0.12))
    (fp_line (start -1.48 0.73) (end -1.48 -0.73) (layer F.CrtYd) (width 0.05))
    (fp_line (start -1.48 -0.73) (end 1.48 -0.73) (layer F.CrtYd) (width 0.05))
    (fp_line (start 1.48 -0.73) (end 1.48 0.73) (layer F.CrtYd) (width 0.05))
    (fp_line (start 1.48 0.73) (end -1.48 0.73) (layer F.CrtYd) (width 0.05))
    (fp_text user %R (at 0 0 180) (layer F.Fab) hide
      (effects (font (size 0.4 0.4) (thickness 0.06)))
    )
    (pad 1 smd roundrect (at -0.7875 0 180) (size 0.875 0.95) (layers F.Cu F.Paste F.Mask) (roundrect_rratio 0.25)
      (net 61 nRST))
    (pad 2 smd roundrect (at 0.7875 0 180) (size 0.875 0.95) (layers F.Cu F.Paste F.Mask) (roundrect_rratio 0.25)
      (net 1 GND))
    (model ${KISYS3DMOD}/Capacitor_SMD.3dshapes/C_0603_1608Metric.wrl
      (at (xyz 0 0 0))
      (scale (xyz 1 1 1))
      (rotate (xyz 0 0 0))
    )
  )

  (module Capacitor_SMD:C_0603_1608Metric (layer F.Cu) (tedit 5B301BBE) (tstamp 5CA31857)
    (at 149.6 109.2 180)
    (descr "Capacitor SMD 0603 (1608 Metric), square (rectangular) end terminal, IPC_7351 nominal, (Body size source: http://www.tortai-tech.com/upload/download/2011102023233369053.pdf), generated with kicad-footprint-generator")
    (tags capacitor)
    (path /5CB0FA98)
    (attr smd)
    (fp_text reference C14 (at 1.8 0 270) (layer F.SilkS)
      (effects (font (size 0.4 0.4) (thickness 0.1)))
    )
    (fp_text value 100nF (at 0 1.1 180) (layer F.Fab)
      (effects (font (size 0.4 0.4) (thickness 0.1)))
    )
    (fp_text user %R (at 0 0 180) (layer F.Fab) hide
      (effects (font (size 0.4 0.4) (thickness 0.06)))
    )
    (fp_line (start 1.48 0.73) (end -1.48 0.73) (layer F.CrtYd) (width 0.05))
    (fp_line (start 1.48 -0.73) (end 1.48 0.73) (layer F.CrtYd) (width 0.05))
    (fp_line (start -1.48 -0.73) (end 1.48 -0.73) (layer F.CrtYd) (width 0.05))
    (fp_line (start -1.48 0.73) (end -1.48 -0.73) (layer F.CrtYd) (width 0.05))
    (fp_line (start -0.162779 0.51) (end 0.162779 0.51) (layer F.SilkS) (width 0.12))
    (fp_line (start -0.162779 -0.51) (end 0.162779 -0.51) (layer F.SilkS) (width 0.12))
    (fp_line (start 0.8 0.4) (end -0.8 0.4) (layer F.Fab) (width 0.1))
    (fp_line (start 0.8 -0.4) (end 0.8 0.4) (layer F.Fab) (width 0.1))
    (fp_line (start -0.8 -0.4) (end 0.8 -0.4) (layer F.Fab) (width 0.1))
    (fp_line (start -0.8 0.4) (end -0.8 -0.4) (layer F.Fab) (width 0.1))
    (pad 2 smd roundrect (at 0.7875 0 180) (size 0.875 0.95) (layers F.Cu F.Paste F.Mask) (roundrect_rratio 0.25)
      (net 1 GND))
    (pad 1 smd roundrect (at -0.7875 0 180) (size 0.875 0.95) (layers F.Cu F.Paste F.Mask) (roundrect_rratio 0.25)
      (net 2 +5V))
    (model ${KISYS3DMOD}/Capacitor_SMD.3dshapes/C_0603_1608Metric.wrl
      (at (xyz 0 0 0))
      (scale (xyz 1 1 1))
      (rotate (xyz 0 0 0))
    )
  )

  (module Diode_SMD:D_SOD-123 (layer F.Cu) (tedit 58645DC7) (tstamp 5CA31870)
    (at 153.1 121.2 270)
    (descr SOD-123)
    (tags SOD-123)
    (path /5CC5575A)
    (attr smd)
    (fp_text reference D1 (at -2.7 0) (layer F.SilkS)
      (effects (font (size 0.4 0.4) (thickness 0.1)))
    )
